SDPA start at [Fri May 17 12:38:56 2024]
param  is /usr/share/sdpa/param.sdpa 
data   is N_8.dat-s  : sparse
"XXZ Test: mDim = 64, nBLOCK = 1, {32}"
out    is N_8.out-s
NumThreads  is set as 1
Schur computation : DENSE 
   mu      thetaP  thetaD  objP      objD      alphaP  alphaD  beta 
 0 1.0e+04 1.0e+00 1.0e+00 -0.00e+00 -1.60e+03 9.0e-01 1.0e+00 2.00e-01
 1 1.4e+03 9.6e-02 3.3e-19 +1.29e-01 -2.22e+03 9.5e-01 9.5e-01 2.00e-01
 2 1.8e+02 5.2e-03 2.3e-13 -9.90e-03 -2.84e+03 1.0e+00 2.0e+00 2.00e-01
 3 9.0e+00 5.6e-19 1.2e-13 -5.06e-03 -2.88e+02 3.1e+01 9.9e-01 1.00e-01
 4 9.8e-01 5.6e-19 1.8e-15 -1.27e+00 -3.26e+01 6.4e+00 9.4e-01 1.00e-01
 5 1.4e-01 1.1e-18 7.9e-16 -1.74e+00 -6.08e+00 1.1e+00 8.9e-01 1.00e-01
 6 2.5e-02 5.6e-19 1.2e-15 -2.12e+00 -2.93e+00 9.0e-01 8.5e-01 1.00e-01
 7 5.6e-03 5.6e-19 1.9e-15 -2.30e+00 -2.48e+00 1.0e+00 9.1e-01 1.00e-01
 8 8.6e-04 5.6e-19 4.0e-15 -2.35e+00 -2.38e+00 1.0e+00 9.5e-01 1.00e-01
 9 1.1e-04 1.1e-18 5.8e-15 -2.36e+00 -2.36e+00 1.0e+00 9.7e-01 1.00e-01
10 1.2e-05 1.1e-18 6.0e-15 -2.36e+00 -2.36e+00 1.0e+00 9.7e-01 1.00e-01
11 1.3e-06 1.1e-18 1.1e-14 -2.36e+00 -2.36e+00 1.0e+00 9.8e-01 1.00e-01
12 1.3e-07 1.1e-18 2.5e-14 -2.36e+00 -2.36e+00 1.0e+00 9.8e-01 1.00e-01
13 1.3e-08 1.1e-18 7.6e-14 -2.36e+00 -2.36e+00 9.0e-01 9.0e-01 1.00e-01

phase.value  = pdFEAS    
   Iteration = 13
          mu = +1.3463171274813660e-08
relative gap = +1.8241450513613306e-07
        gap  = +4.3082144518535870e-07
     digits  = +6.7389406306451294e+00
objValPrimal = -2.3617716451320749e+00
objValDual   = -2.3617720759535201e+00
p.feas.error = +1.1102230246251565e-16
d.feas.error = +3.8082384468118846e-14
total time   = 0.023999
** Parameters **
maxIteration = 100
epsilonStar  = +9.9999999999999995e-08
lambdaStar   = +1.0000000000000000e+02
omegaStar    = +2.0000000000000000e+00
lowerBound   = -1.0000000000000000e+05
upperBound   = +1.0000000000000000e+05
betaStar     = +1.0000000000000001e-01
betaBar      = +2.0000000000000001e-01
gammaStar    = +9.0000000000000002e-01
epsilonDash  = +9.9999999999999995e-08
xPrint       = %+8.3e 
XPrint       = %+8.3e 
YPrint       = %+8.3e 
infPrint     = %+10.16e 

                         Time(sec)  Ratio(% : MainLoop) 
 Predictor time  =       0.012083,  52.681374
 Corrector time  =       0.000408,  1.778863
 Make bMat time  =       0.010915,  47.588943
 Make bDia time  =       0.000002,  0.008720
 Make bF1  time  =       0.000000,  0.000000
 Make bF2  time  =       0.000000,  0.000000
 Make bF3  time  =       0.000000,  0.000000
 Make bPRE time  =       0.000456,  1.988141
 Make rMat time  =       0.000138,  0.601674
 Make gVec Mul   =       0.000102,  0.444716
 Make gVec time  =       0.000159,  0.693233
 Cholesky bMat   =       0.000730,  3.182769
 Ste Pre time    =       0.000004,  0.017440
 Ste Cor time    =       0.003740,  16.306243
 solve           =       0.000102,  0.444716
 sumDz           =       0.000095,  0.414196
 makedX          =       0.000268,  1.168469
 symmetriseDx    =       0.000061,  0.265957
 makedXdZ        =       0.000430,  1.874782
 xMatTime        =       0.005004,  21.817231
 zMatTime        =       0.001014,  4.420998
 invzMatTime     =       0.000000,  0.000000
 xMatzMatTime    =       0.000000,  0.000000
 EigxMatTime     =       0.001380,  6.016742
 EigzMatTime     =       0.002352,  10.254622
 EigxMatzMatTime =       0.000000,  0.000000
 updateRes       =       0.000081,  0.353157
 EigTime         =       0.003732,  16.271364
 sub_total_bMat  =       0.012021,  52.411057
 Main Loop       =       0.022936,  100.000000
 File Check      =       0.000000,  0.000000
 File Change     =       0.000002,  0.008720
 File Read       =       0.001061,  4.625916
 Total           =       0.023999,  104.634636

xVec = 
{+5.000e-01,-2.874e-01,+1.862e-01,-1.522e-01,+1.642e-01,-2.051e-01,+2.356e-01,-1.590e-01,-3.114e-01,+5.000e-01,-2.864e-01,+1.840e-01,-1.513e-01,+1.653e-01,-2.048e-01,+2.356e-01,+3.107e-01,-3.138e-01,+5.000e-01,-2.831e-01,+1.816e-01,-1.514e-01,+1.653e-01,-2.051e-01,-2.308e-01,+3.034e-01,-3.221e-01,+5.000e-01,-2.805e-01,+1.816e-01,-1.513e-01,+1.642e-01,+1.623e-01,-2.189e-01,+3.155e-01,-3.287e-01,+5.000e-01,-2.831e-01,+1.840e-01,-1.522e-01,-1.358e-01,+1.472e-01,-2.260e-01,+3.155e-01,-3.221e-01,+5.000e-01,-2.864e-01,+1.862e-01,+1.774e-01,-1.206e-01,+1.472e-01,-2.189e-01,+3.034e-01,-3.138e-01,+5.000e-01,-2.874e-01,-3.467e-01,+1.774e-01,-1.358e-01,+1.623e-01,-2.308e-01,+3.107e-01,-3.114e-01,+5.000e-01}
xMat = 
{
{ {+5.000e-01,-2.874e-01,+1.862e-01,-1.522e-01,+1.642e-01,-2.051e-01,+2.356e-01,-1.590e-01,+0.000e+00,+0.000e+00,+0.000e+00,+0.000e+00,+0.000e+00,+0.000e+00,+0.000e+00,+0.000e+00,+0.000e+00,+3.114e-01,-3.107e-01,+2.308e-01,-1.623e-01,+1.358e-01,-1.774e-01,+3.467e-01,+0.000e+00,+0.000e+00,+0.000e+00,+0.000e+00,+0.000e+00,+0.000e+00,+0.000e+00,+0.000e+00 },
  {-2.874e-01,+5.000e-01,-2.864e-01,+1.840e-01,-1.513e-01,+1.653e-01,-2.048e-01,+2.356e-01,+0.000e+00,+0.000e+00,+0.000e+00,+0.000e+00,+0.000e+00,+0.000e+00,+0.000e+00,+0.000e+00,+0.000e+00,+0.000e+00,+3.138e-01,-3.034e-01,+2.189e-01,-1.472e-01,+1.206e-01,-1.774e-01,+0.000e+00,+0.000e+00,+0.000e+00,+0.000e+00,+0.000e+00,+0.000e+00,+0.000e+00,+0.000e+00 },
  {+1.862e-01,-2.864e-01,+5.000e-01,-2.831e-01,+1.816e-01,-1.514e-01,+1.653e-01,-2.051e-01,+0.000e+00,+0.000e+00,+0.000e+00,+0.000e+00,+0.000e+00,+0.000e+00,+0.000e+00,+0.000e+00,+0.000e+00,+0.000e+00,+0.000e+00,+3.221e-01,-3.155e-01,+2.260e-01,-1.472e-01,+1.358e-01,+0.000e+00,+0.000e+00,+0.000e+00,+0.000e+00,+0.000e+00,+0.000e+00,+0.000e+00,+0.000e+00 },
  {-1.522e-01,+1.840e-01,-2.831e-01,+5.000e-01,-2.805e-01,+1.816e-01,-1.513e-01,+1.642e-01,+0.000e+00,+0.000e+00,+0.000e+00,+0.000e+00,+0.000e+00,+0.000e+00,+0.000e+00,+0.000e+00,+0.000e+00,+0.000e+00,+0.000e+00,+0.000e+00,+3.287e-01,-3.155e-01,+2.189e-01,-1.623e-01,+0.000e+00,+0.000e+00,+0.000e+00,+0.000e+00,+0.000e+00,+0.000e+00,+0.000e+00,+0.000e+00 },
  {+1.642e-01,-1.513e-01,+1.816e-01,-2.805e-01,+5.000e-01,-2.831e-01,+1.840e-01,-1.522e-01,+0.000e+00,+0.000e+00,+0.000e+00,+0.000e+00,+0.000e+00,+0.000e+00,+0.000e+00,+0.000e+00,+0.000e+00,+0.000e+00,+0.000e+00,+0.000e+00,+0.000e+00,+3.221e-01,-3.034e-01,+2.308e-01,+0.000e+00,+0.000e+00,+0.000e+00,+0.000e+00,+0.000e+00,+0.000e+00,+0.000e+00,+0.000e+00 },
  {-2.051e-01,+1.653e-01,-1.514e-01,+1.816e-01,-2.831e-01,+5.000e-01,-2.864e-01,+1.862e-01,+0.000e+00,+0.000e+00,+0.000e+00,+0.000e+00,+0.000e+00,+0.000e+00,+0.000e+00,+0.000e+00,+0.000e+00,+0.000e+00,+0.000e+00,+0.000e+00,+0.000e+00,+0.000e+00,+3.138e-01,-3.107e-01,+0.000e+00,+0.000e+00,+0.000e+00,+0.000e+00,+0.000e+00,+0.000e+00,+0.000e+00,+0.000e+00 },
  {+2.356e-01,-2.048e-01,+1.653e-01,-1.513e-01,+1.840e-01,-2.864e-01,+5.000e-01,-2.874e-01,+0.000e+00,+0.000e+00,+0.000e+00,+0.000e+00,+0.000e+00,+0.000e+00,+0.000e+00,+0.000e+00,+0.000e+00,+0.000e+00,+0.000e+00,+0.000e+00,+0.000e+00,+0.000e+00,+0.000e+00,+3.114e-01,+0.000e+00,+0.000e+00,+0.000e+00,+0.000e+00,+0.000e+00,+0.000e+00,+0.000e+00,+0.000e+00 },
  {-1.590e-01,+2.356e-01,-2.051e-01,+1.642e-01,-1.522e-01,+1.862e-01,-2.874e-01,+5.000e-01,+0.000e+00,+0.000e+00,+0.000e+00,+0.000e+00,+0.000e+00,+0.000e+00,+0.000e+00,+0.000e+00,+0.000e+00,+0.000e+00,+0.000e+00,+0.000e+00,+0.000e+00,+0.000e+00,+0.000e+00,+0.000e+00,+0.000e+00,+0.000e+00,+0.000e+00,+0.000e+00,+0.000e+00,+0.000e+00,+0.000e+00,+0.000e+00 },
  {+0.000e+00,+0.000e+00,+0.000e+00,+0.000e+00,+0.000e+00,+0.000e+00,+0.000e+00,+0.000e+00,+5.000e-01,-2.874e-01,+1.862e-01,-1.522e-01,+1.642e-01,-2.051e-01,+2.356e-01,-1.590e-01,+0.000e+00,+0.000e+00,+0.000e+00,+0.000e+00,+0.000e+00,+0.000e+00,+0.000e+00,+0.000e+00,+0.000e+00,-3.114e-01,+3.107e-01,-2.308e-01,+1.623e-01,-1.358e-01,+1.774e-01,-3.467e-01 },
  {+0.000e+00,+0.000e+00,+0.000e+00,+0.000e+00,+0.000e+00,+0.000e+00,+0.000e+00,+0.000e+00,-2.874e-01,+5.000e-01,-2.864e-01,+1.840e-01,-1.513e-01,+1.653e-01,-2.048e-01,+2.356e-01,+0.000e+00,+0.000e+00,+0.000e+00,+0.000e+00,+0.000e+00,+0.000e+00,+0.000e+00,+0.000e+00,+0.000e+00,+0.000e+00,-3.138e-01,+3.034e-01,-2.189e-01,+1.472e-01,-1.206e-01,+1.774e-01 },
  {+0.000e+00,+0.000e+00,+0.000e+00,+0.000e+00,+0.000e+00,+0.000e+00,+0.000e+00,+0.000e+00,+1.862e-01,-2.864e-01,+5.000e-01,-2.831e-01,+1.816e-01,-1.514e-01,+1.653e-01,-2.051e-01,+0.000e+00,+0.000e+00,+0.000e+00,+0.000e+00,+0.000e+00,+0.000e+00,+0.000e+00,+0.000e+00,+0.000e+00,+0.000e+00,+0.000e+00,-3.221e-01,+3.155e-01,-2.260e-01,+1.472e-01,-1.358e-01 },
  {+0.000e+00,+0.000e+00,+0.000e+00,+0.000e+00,+0.000e+00,+0.000e+00,+0.000e+00,+0.000e+00,-1.522e-01,+1.840e-01,-2.831e-01,+5.000e-01,-2.805e-01,+1.816e-01,-1.513e-01,+1.642e-01,+0.000e+00,+0.000e+00,+0.000e+00,+0.000e+00,+0.000e+00,+0.000e+00,+0.000e+00,+0.000e+00,+0.000e+00,+0.000e+00,+0.000e+00,+0.000e+00,-3.287e-01,+3.155e-01,-2.189e-01,+1.623e-01 },
  {+0.000e+00,+0.000e+00,+0.000e+00,+0.000e+00,+0.000e+00,+0.000e+00,+0.000e+00,+0.000e+00,+1.642e-01,-1.513e-01,+1.816e-01,-2.805e-01,+5.000e-01,-2.831e-01,+1.840e-01,-1.522e-01,+0.000e+00,+0.000e+00,+0.000e+00,+0.000e+00,+0.000e+00,+0.000e+00,+0.000e+00,+0.000e+00,+0.000e+00,+0.000e+00,+0.000e+00,+0.000e+00,+0.000e+00,-3.221e-01,+3.034e-01,-2.308e-01 },
  {+0.000e+00,+0.000e+00,+0.000e+00,+0.000e+00,+0.000e+00,+0.000e+00,+0.000e+00,+0.000e+00,-2.051e-01,+1.653e-01,-1.514e-01,+1.816e-01,-2.831e-01,+5.000e-01,-2.864e-01,+1.862e-01,+0.000e+00,+0.000e+00,+0.000e+00,+0.000e+00,+0.000e+00,+0.000e+00,+0.000e+00,+0.000e+00,+0.000e+00,+0.000e+00,+0.000e+00,+0.000e+00,+0.000e+00,+0.000e+00,-3.138e-01,+3.107e-01 },
  {+0.000e+00,+0.000e+00,+0.000e+00,+0.000e+00,+0.000e+00,+0.000e+00,+0.000e+00,+0.000e+00,+2.356e-01,-2.048e-01,+1.653e-01,-1.513e-01,+1.840e-01,-2.864e-01,+5.000e-01,-2.874e-01,+0.000e+00,+0.000e+00,+0.000e+00,+0.000e+00,+0.000e+00,+0.000e+00,+0.000e+00,+0.000e+00,+0.000e+00,+0.000e+00,+0.000e+00,+0.000e+00,+0.000e+00,+0.000e+00,+0.000e+00,-3.114e-01 },
  {+0.000e+00,+0.000e+00,+0.000e+00,+0.000e+00,+0.000e+00,+0.000e+00,+0.000e+00,+0.000e+00,-1.590e-01,+2.356e-01,-2.051e-01,+1.642e-01,-1.522e-01,+1.862e-01,-2.874e-01,+5.000e-01,+0.000e+00,+0.000e+00,+0.000e+00,+0.000e+00,+0.000e+00,+0.000e+00,+0.000e+00,+0.000e+00,+0.000e+00,+0.000e+00,+0.000e+00,+0.000e+00,+0.000e+00,+0.000e+00,+0.000e+00,+0.000e+00 },
  {+0.000e+00,+0.000e+00,+0.000e+00,+0.000e+00,+0.000e+00,+0.000e+00,+0.000e+00,+0.000e+00,+0.000e+00,+0.000e+00,+0.000e+00,+0.000e+00,+0.000e+00,+0.000e+00,+0.000e+00,+0.000e+00,+5.000e-01,-2.874e-01,+1.862e-01,-1.522e-01,+1.642e-01,-2.051e-01,+2.356e-01,-1.590e-01,+0.000e+00,+0.000e+00,+0.000e+00,+0.000e+00,+0.000e+00,+0.000e+00,+0.000e+00,+0.000e+00 },
  {+3.114e-01,+0.000e+00,+0.000e+00,+0.000e+00,+0.000e+00,+0.000e+00,+0.000e+00,+0.000e+00,+0.000e+00,+0.000e+00,+0.000e+00,+0.000e+00,+0.000e+00,+0.000e+00,+0.000e+00,+0.000e+00,-2.874e-01,+5.000e-01,-2.864e-01,+1.840e-01,-1.513e-01,+1.653e-01,-2.048e-01,+2.356e-01,+0.000e+00,+0.000e+00,+0.000e+00,+0.000e+00,+0.000e+00,+0.000e+00,+0.000e+00,+0.000e+00 },
  {-3.107e-01,+3.138e-01,+0.000e+00,+0.000e+00,+0.000e+00,+0.000e+00,+0.000e+00,+0.000e+00,+0.000e+00,+0.000e+00,+0.000e+00,+0.000e+00,+0.000e+00,+0.000e+00,+0.000e+00,+0.000e+00,+1.862e-01,-2.864e-01,+5.000e-01,-2.831e-01,+1.816e-01,-1.514e-01,+1.653e-01,-2.051e-01,+0.000e+00,+0.000e+00,+0.000e+00,+0.000e+00,+0.000e+00,+0.000e+00,+0.000e+00,+0.000e+00 },
  {+2.308e-01,-3.034e-01,+3.221e-01,+0.000e+00,+0.000e+00,+0.000e+00,+0.000e+00,+0.000e+00,+0.000e+00,+0.000e+00,+0.000e+00,+0.000e+00,+0.000e+00,+0.000e+00,+0.000e+00,+0.000e+00,-1.522e-01,+1.840e-01,-2.831e-01,+5.000e-01,-2.805e-01,+1.816e-01,-1.513e-01,+1.642e-01,+0.000e+00,+0.000e+00,+0.000e+00,+0.000e+00,+0.000e+00,+0.000e+00,+0.000e+00,+0.000e+00 },
  {-1.623e-01,+2.189e-01,-3.155e-01,+3.287e-01,+0.000e+00,+0.000e+00,+0.000e+00,+0.000e+00,+0.000e+00,+0.000e+00,+0.000e+00,+0.000e+00,+0.000e+00,+0.000e+00,+0.000e+00,+0.000e+00,+1.642e-01,-1.513e-01,+1.816e-01,-2.805e-01,+5.000e-01,-2.831e-01,+1.840e-01,-1.522e-01,+0.000e+00,+0.000e+00,+0.000e+00,+0.000e+00,+0.000e+00,+0.000e+00,+0.000e+00,+0.000e+00 },
  {+1.358e-01,-1.472e-01,+2.260e-01,-3.155e-01,+3.221e-01,+0.000e+00,+0.000e+00,+0.000e+00,+0.000e+00,+0.000e+00,+0.000e+00,+0.000e+00,+0.000e+00,+0.000e+00,+0.000e+00,+0.000e+00,-2.051e-01,+1.653e-01,-1.514e-01,+1.816e-01,-2.831e-01,+5.000e-01,-2.864e-01,+1.862e-01,+0.000e+00,+0.000e+00,+0.000e+00,+0.000e+00,+0.000e+00,+0.000e+00,+0.000e+00,+0.000e+00 },
  {-1.774e-01,+1.206e-01,-1.472e-01,+2.189e-01,-3.034e-01,+3.138e-01,+0.000e+00,+0.000e+00,+0.000e+00,+0.000e+00,+0.000e+00,+0.000e+00,+0.000e+00,+0.000e+00,+0.000e+00,+0.000e+00,+2.356e-01,-2.048e-01,+1.653e-01,-1.513e-01,+1.840e-01,-2.864e-01,+5.000e-01,-2.874e-01,+0.000e+00,+0.000e+00,+0.000e+00,+0.000e+00,+0.000e+00,+0.000e+00,+0.000e+00,+0.000e+00 },
  {+3.467e-01,-1.774e-01,+1.358e-01,-1.623e-01,+2.308e-01,-3.107e-01,+3.114e-01,+0.000e+00,+0.000e+00,+0.000e+00,+0.000e+00,+0.000e+00,+0.000e+00,+0.000e+00,+0.000e+00,+0.000e+00,-1.590e-01,+2.356e-01,-2.051e-01,+1.642e-01,-1.522e-01,+1.862e-01,-2.874e-01,+5.000e-01,+0.000e+00,+0.000e+00,+0.000e+00,+0.000e+00,+0.000e+00,+0.000e+00,+0.000e+00,+0.000e+00 },
  {+0.000e+00,+0.000e+00,+0.000e+00,+0.000e+00,+0.000e+00,+0.000e+00,+0.000e+00,+0.000e+00,+0.000e+00,+0.000e+00,+0.000e+00,+0.000e+00,+0.000e+00,+0.000e+00,+0.000e+00,+0.000e+00,+0.000e+00,+0.000e+00,+0.000e+00,+0.000e+00,+0.000e+00,+0.000e+00,+0.000e+00,+0.000e+00,+5.000e-01,-2.874e-01,+1.862e-01,-1.522e-01,+1.642e-01,-2.051e-01,+2.356e-01,-1.590e-01 },
  {+0.000e+00,+0.000e+00,+0.000e+00,+0.000e+00,+0.000e+00,+0.000e+00,+0.000e+00,+0.000e+00,-3.114e-01,+0.000e+00,+0.000e+00,+0.000e+00,+0.000e+00,+0.000e+00,+0.000e+00,+0.000e+00,+0.000e+00,+0.000e+00,+0.000e+00,+0.000e+00,+0.000e+00,+0.000e+00,+0.000e+00,+0.000e+00,-2.874e-01,+5.000e-01,-2.864e-01,+1.840e-01,-1.513e-01,+1.653e-01,-2.048e-01,+2.356e-01 },
  {+0.000e+00,+0.000e+00,+0.000e+00,+0.000e+00,+0.000e+00,+0.000e+00,+0.000e+00,+0.000e+00,+3.107e-01,-3.138e-01,+0.000e+00,+0.000e+00,+0.000e+00,+0.000e+00,+0.000e+00,+0.000e+00,+0.000e+00,+0.000e+00,+0.000e+00,+0.000e+00,+0.000e+00,+0.000e+00,+0.000e+00,+0.000e+00,+1.862e-01,-2.864e-01,+5.000e-01,-2.831e-01,+1.816e-01,-1.514e-01,+1.653e-01,-2.051e-01 },
  {+0.000e+00,+0.000e+00,+0.000e+00,+0.000e+00,+0.000e+00,+0.000e+00,+0.000e+00,+0.000e+00,-2.308e-01,+3.034e-01,-3.221e-01,+0.000e+00,+0.000e+00,+0.000e+00,+0.000e+00,+0.000e+00,+0.000e+00,+0.000e+00,+0.000e+00,+0.000e+00,+0.000e+00,+0.000e+00,+0.000e+00,+0.000e+00,-1.522e-01,+1.840e-01,-2.831e-01,+5.000e-01,-2.805e-01,+1.816e-01,-1.513e-01,+1.642e-01 },
  {+0.000e+00,+0.000e+00,+0.000e+00,+0.000e+00,+0.000e+00,+0.000e+00,+0.000e+00,+0.000e+00,+1.623e-01,-2.189e-01,+3.155e-01,-3.287e-01,+0.000e+00,+0.000e+00,+0.000e+00,+0.000e+00,+0.000e+00,+0.000e+00,+0.000e+00,+0.000e+00,+0.000e+00,+0.000e+00,+0.000e+00,+0.000e+00,+1.642e-01,-1.513e-01,+1.816e-01,-2.805e-01,+5.000e-01,-2.831e-01,+1.840e-01,-1.522e-01 },
  {+0.000e+00,+0.000e+00,+0.000e+00,+0.000e+00,+0.000e+00,+0.000e+00,+0.000e+00,+0.000e+00,-1.358e-01,+1.472e-01,-2.260e-01,+3.155e-01,-3.221e-01,+0.000e+00,+0.000e+00,+0.000e+00,+0.000e+00,+0.000e+00,+0.000e+00,+0.000e+00,+0.000e+00,+0.000e+00,+0.000e+00,+0.000e+00,-2.051e-01,+1.653e-01,-1.514e-01,+1.816e-01,-2.831e-01,+5.000e-01,-2.864e-01,+1.862e-01 },
  {+0.000e+00,+0.000e+00,+0.000e+00,+0.000e+00,+0.000e+00,+0.000e+00,+0.000e+00,+0.000e+00,+1.774e-01,-1.206e-01,+1.472e-01,-2.189e-01,+3.034e-01,-3.138e-01,+0.000e+00,+0.000e+00,+0.000e+00,+0.000e+00,+0.000e+00,+0.000e+00,+0.000e+00,+0.000e+00,+0.000e+00,+0.000e+00,+2.356e-01,-2.048e-01,+1.653e-01,-1.513e-01,+1.840e-01,-2.864e-01,+5.000e-01,-2.874e-01 },
  {+0.000e+00,+0.000e+00,+0.000e+00,+0.000e+00,+0.000e+00,+0.000e+00,+0.000e+00,+0.000e+00,-3.467e-01,+1.774e-01,-1.358e-01,+1.623e-01,-2.308e-01,+3.107e-01,-3.114e-01,+0.000e+00,+0.000e+00,+0.000e+00,+0.000e+00,+0.000e+00,+0.000e+00,+0.000e+00,+0.000e+00,+0.000e+00,-1.590e-01,+2.356e-01,-2.051e-01,+1.642e-01,-1.522e-01,+1.862e-01,-2.874e-01,+5.000e-01 }   }
}
yMat = 
{
{ {+1.923e-01,+6.078e-02,+1.893e-03,-3.351e-03,+7.432e-03,-1.656e-02,+3.423e-02,+6.250e-02,+0.000e+00,+0.000e+00,+0.000e+00,+0.000e+00,+0.000e+00,+0.000e+00,+0.000e+00,+0.000e+00,-1.116e-01,-1.250e-01,-8.897e-12,-6.243e-12,-3.009e-12,-5.448e-13,+1.219e-12,-1.250e-01,+0.000e+00,+0.000e+00,+0.000e+00,+0.000e+00,+0.000e+00,+0.000e+00,+0.000e+00,+0.000e+00 },
  {+6.078e-02,+1.611e-01,+5.736e-02,+2.216e-03,-9.880e-04,+4.207e-04,+1.085e-11,-3.423e-02,+0.000e+00,+0.000e+00,+0.000e+00,+0.000e+00,+0.000e+00,+0.000e+00,+0.000e+00,+0.000e+00,-2.445e-02,-1.235e-01,-1.250e-01,-1.520e-12,+3.392e-12,+2.912e-12,-6.443e-12,-1.369e-11,+0.000e+00,+0.000e+00,+0.000e+00,+0.000e+00,+0.000e+00,+0.000e+00,+0.000e+00,+0.000e+00 },
  {+1.893e-03,+5.736e-02,+1.543e-01,+6.149e-02,+3.805e-04,+1.520e-12,-4.207e-04,+1.656e-02,+0.000e+00,+0.000e+00,+0.000e+00,+0.000e+00,+0.000e+00,+0.000e+00,+0.000e+00,+0.000e+00,-1.073e-02,-2.909e-02,-1.183e-01,-1.250e-01,-7.925e-13,-3.219e-12,-3.883e-12,-1.206e-11,+0.000e+00,+0.000e+00,+0.000e+00,+0.000e+00,+0.000e+00,+0.000e+00,+0.000e+00,+0.000e+00 },
  {-3.351e-03,+2.216e-03,+6.149e-02,+1.531e-01,+6.250e-02,-3.805e-04,+9.880e-04,-7.432e-03,+0.000e+00,+0.000e+00,+0.000e+00,+0.000e+00,+0.000e+00,+0.000e+00,+0.000e+00,+0.000e+00,+1.609e-02,-9.691e-04,-3.261e-02,-1.201e-01,-1.250e-01,-6.130e-12,+3.075e-13,-5.797e-12,+0.000e+00,+0.000e+00,+0.000e+00,+0.000e+00,+0.000e+00,+0.000e+00,+0.000e+00,+0.000e+00 },
  {+7.432e-03,-9.880e-04,+3.805e-04,+6.250e-02,+1.505e-01,+6.351e-02,-2.216e-03,+3.351e-03,+0.000e+00,+0.000e+00,+0.000e+00,+0.000e+00,+0.000e+00,+0.000e+00,+0.000e+00,+0.000e+00,-2.195e-02,+2.358e-04,+9.219e-04,-3.248e-02,-1.201e-01,-1.250e-01,-2.503e-12,-8.517e-12,+0.000e+00,+0.000e+00,+0.000e+00,+0.000e+00,+0.000e+00,+0.000e+00,+0.000e+00,+0.000e+00 },
  {-1.656e-02,+4.207e-04,+1.520e-12,-3.805e-04,+6.351e-02,+1.471e-01,+6.764e-02,-1.893e-03,+0.000e+00,+0.000e+00,+0.000e+00,+0.000e+00,+0.000e+00,+0.000e+00,+0.000e+00,+0.000e+00,+2.164e-02,+4.028e-05,-7.113e-04,+9.219e-04,-3.261e-02,-1.183e-01,-1.250e-01,+3.938e-12,+0.000e+00,+0.000e+00,+0.000e+00,+0.000e+00,+0.000e+00,+0.000e+00,+0.000e+00,+0.000e+00 },
  {+3.423e-02,+1.085e-11,-4.207e-04,+9.880e-04,-2.216e-03,+6.764e-02,+1.386e-01,+6.422e-02,+0.000e+00,+0.000e+00,+0.000e+00,+0.000e+00,+0.000e+00,+0.000e+00,+0.000e+00,+0.000e+00,+7.033e-03,+2.820e-04,+4.028e-05,+2.358e-04,-9.691e-04,-2.909e-02,-1.235e-01,-1.250e-01,+0.000e+00,+0.000e+00,+0.000e+00,+0.000e+00,+0.000e+00,+0.000e+00,+0.000e+00,+0.000e+00 },
  {+6.250e-02,-3.423e-02,+1.656e-02,-7.432e-03,+3.351e-03,-1.893e-03,+6.422e-02,+8.388e-02,+0.000e+00,+0.000e+00,+0.000e+00,+0.000e+00,+0.000e+00,+0.000e+00,+0.000e+00,+0.000e+00,-4.437e-02,+7.033e-03,+2.164e-02,-2.195e-02,+1.609e-02,-1.073e-02,-2.445e-02,-1.116e-01,+0.000e+00,+0.000e+00,+0.000e+00,+0.000e+00,+0.000e+00,+0.000e+00,+0.000e+00,+0.000e+00 },
  {+0.000e+00,+0.000e+00,+0.000e+00,+0.000e+00,+0.000e+00,+0.000e+00,+0.000e+00,+0.000e+00,+1.923e-01,+6.078e-02,+1.893e-03,-3.351e-03,+7.432e-03,-1.656e-02,+3.423e-02,+6.250e-02,+0.000e+00,+0.000e+00,+0.000e+00,+0.000e+00,+0.000e+00,+0.000e+00,+0.000e+00,+0.000e+00,+1.116e-01,+1.250e-01,-8.896e-12,-6.242e-12,-3.007e-12,-5.428e-13,+1.216e-12,+1.250e-01 },
  {+0.000e+00,+0.000e+00,+0.000e+00,+0.000e+00,+0.000e+00,+0.000e+00,+0.000e+00,+0.000e+00,+6.078e-02,+1.611e-01,+5.736e-02,+2.216e-03,-9.880e-04,+4.207e-04,-1.086e-11,-3.423e-02,+0.000e+00,+0.000e+00,+0.000e+00,+0.000e+00,+0.000e+00,+0.000e+00,+0.000e+00,+0.000e+00,+2.445e-02,+1.235e-01,+1.250e-01,-1.516e-12,+3.395e-12,+2.912e-12,-6.436e-12,-1.369e-11 },
  {+0.000e+00,+0.000e+00,+0.000e+00,+0.000e+00,+0.000e+00,+0.000e+00,+0.000e+00,+0.000e+00,+1.893e-03,+5.736e-02,+1.543e-01,+6.149e-02,+3.805e-04,-1.511e-12,-4.207e-04,+1.656e-02,+0.000e+00,+0.000e+00,+0.000e+00,+0.000e+00,+0.000e+00,+0.000e+00,+0.000e+00,+0.000e+00,+1.073e-02,+2.909e-02,+1.183e-01,+1.250e-01,-7.940e-13,-3.218e-12,-3.881e-12,-1.206e-11 },
  {+0.000e+00,+0.000e+00,+0.000e+00,+0.000e+00,+0.000e+00,+0.000e+00,+0.000e+00,+0.000e+00,-3.351e-03,+2.216e-03,+6.149e-02,+1.531e-01,+6.250e-02,-3.805e-04,+9.880e-04,-7.432e-03,+0.000e+00,+0.000e+00,+0.000e+00,+0.000e+00,+0.000e+00,+0.000e+00,+0.000e+00,+0.000e+00,-1.609e-02,+9.691e-04,+3.261e-02,+1.201e-01,+1.250e-01,-6.124e-12,+3.040e-13,-5.799e-12 },
  {+0.000e+00,+0.000e+00,+0.000e+00,+0.000e+00,+0.000e+00,+0.000e+00,+0.000e+00,+0.000e+00,+7.432e-03,-9.880e-04,+3.805e-04,+6.250e-02,+1.505e-01,+6.351e-02,-2.216e-03,+3.351e-03,+0.000e+00,+0.000e+00,+0.000e+00,+0.000e+00,+0.000e+00,+0.000e+00,+0.000e+00,+0.000e+00,+2.195e-02,-2.358e-04,-9.219e-04,+3.248e-02,+1.201e-01,+1.250e-01,-2.496e-12,-8.508e-12 },
  {+0.000e+00,+0.000e+00,+0.000e+00,+0.000e+00,+0.000e+00,+0.000e+00,+0.000e+00,+0.000e+00,-1.656e-02,+4.207e-04,-1.511e-12,-3.805e-04,+6.351e-02,+1.471e-01,+6.764e-02,-1.893e-03,+0.000e+00,+0.000e+00,+0.000e+00,+0.000e+00,+0.000e+00,+0.000e+00,+0.000e+00,+0.000e+00,-2.164e-02,-4.028e-05,+7.113e-04,-9.219e-04,+3.261e-02,+1.183e-01,+1.250e-01,+3.933e-12 },
  {+0.000e+00,+0.000e+00,+0.000e+00,+0.000e+00,+0.000e+00,+0.000e+00,+0.000e+00,+0.000e+00,+3.423e-02,-1.086e-11,-4.207e-04,+9.880e-04,-2.216e-03,+6.764e-02,+1.386e-01,+6.422e-02,+0.000e+00,+0.000e+00,+0.000e+00,+0.000e+00,+0.000e+00,+0.000e+00,+0.000e+00,+0.000e+00,-7.033e-03,-2.820e-04,-4.028e-05,-2.358e-04,+9.691e-04,+2.909e-02,+1.235e-01,+1.250e-01 },
  {+0.000e+00,+0.000e+00,+0.000e+00,+0.000e+00,+0.000e+00,+0.000e+00,+0.000e+00,+0.000e+00,+6.250e-02,-3.423e-02,+1.656e-02,-7.432e-03,+3.351e-03,-1.893e-03,+6.422e-02,+8.388e-02,+0.000e+00,+0.000e+00,+0.000e+00,+0.000e+00,+0.000e+00,+0.000e+00,+0.000e+00,+0.000e+00,+4.437e-02,-7.033e-03,-2.164e-02,+2.195e-02,-1.609e-02,+1.073e-02,+2.445e-02,+1.116e-01 },
  {-1.116e-01,-2.445e-02,-1.073e-02,+1.609e-02,-2.195e-02,+2.164e-02,+7.033e-03,-4.437e-02,+0.000e+00,+0.000e+00,+0.000e+00,+0.000e+00,+0.000e+00,+0.000e+00,+0.000e+00,+0.000e+00,+8.388e-02,+6.422e-02,-1.893e-03,+3.351e-03,-7.432e-03,+1.656e-02,-3.423e-02,+6.250e-02,+0.000e+00,+0.000e+00,+0.000e+00,+0.000e+00,+0.000e+00,+0.000e+00,+0.000e+00,+0.000e+00 },
  {-1.250e-01,-1.235e-01,-2.909e-02,-9.691e-04,+2.358e-04,+4.028e-05,+2.820e-04,+7.033e-03,+0.000e+00,+0.000e+00,+0.000e+00,+0.000e+00,+0.000e+00,+0.000e+00,+0.000e+00,+0.000e+00,+6.422e-02,+1.386e-01,+6.764e-02,-2.216e-03,+9.880e-04,-4.207e-04,+5.061e-12,+3.423e-02,+0.000e+00,+0.000e+00,+0.000e+00,+0.000e+00,+0.000e+00,+0.000e+00,+0.000e+00,+0.000e+00 },
  {-8.897e-12,-1.250e-01,-1.183e-01,-3.261e-02,+9.219e-04,-7.113e-04,+4.028e-05,+2.164e-02,+0.000e+00,+0.000e+00,+0.000e+00,+0.000e+00,+0.000e+00,+0.000e+00,+0.000e+00,+0.000e+00,-1.893e-03,+6.764e-02,+1.471e-01,+6.351e-02,-3.805e-04,-5.908e-13,+4.207e-04,-1.656e-02,+0.000e+00,+0.000e+00,+0.000e+00,+0.000e+00,+0.000e+00,+0.000e+00,+0.000e+00,+0.000e+00 },
  {-6.243e-12,-1.520e-12,-1.250e-01,-1.201e-01,-3.248e-02,+9.219e-04,+2.358e-04,-2.195e-02,+0.000e+00,+0.000e+00,+0.000e+00,+0.000e+00,+0.000e+00,+0.000e+00,+0.000e+00,+0.000e+00,+3.351e-03,-2.216e-03,+6.351e-02,+1.505e-01,+6.250e-02,+3.805e-04,-9.880e-04,+7.432e-03,+0.000e+00,+0.000e+00,+0.000e+00,+0.000e+00,+0.000e+00,+0.000e+00,+0.000e+00,+0.000e+00 },
  {-3.009e-12,+3.392e-12,-7.925e-13,-1.250e-01,-1.201e-01,-3.261e-02,-9.691e-04,+1.609e-02,+0.000e+00,+0.000e+00,+0.000e+00,+0.000e+00,+0.000e+00,+0.000e+00,+0.000e+00,+0.000e+00,-7.432e-03,+9.880e-04,-3.805e-04,+6.250e-02,+1.531e-01,+6.149e-02,+2.216e-03,-3.351e-03,+0.000e+00,+0.000e+00,+0.000e+00,+0.000e+00,+0.000e+00,+0.000e+00,+0.000e+00,+0.000e+00 },
  {-5.448e-13,+2.912e-12,-3.219e-12,-6.130e-12,-1.250e-01,-1.183e-01,-2.909e-02,-1.073e-02,+0.000e+00,+0.000e+00,+0.000e+00,+0.000e+00,+0.000e+00,+0.000e+00,+0.000e+00,+0.000e+00,+1.656e-02,-4.207e-04,-5.908e-13,+3.805e-04,+6.149e-02,+1.543e-01,+5.736e-02,+1.893e-03,+0.000e+00,+0.000e+00,+0.000e+00,+0.000e+00,+0.000e+00,+0.000e+00,+0.000e+00,+0.000e+00 },
  {+1.219e-12,-6.443e-12,-3.883e-12,+3.075e-13,-2.503e-12,-1.250e-01,-1.235e-01,-2.445e-02,+0.000e+00,+0.000e+00,+0.000e+00,+0.000e+00,+0.000e+00,+0.000e+00,+0.000e+00,+0.000e+00,-3.423e-02,+5.061e-12,+4.207e-04,-9.880e-04,+2.216e-03,+5.736e-02,+1.611e-01,+6.078e-02,+0.000e+00,+0.000e+00,+0.000e+00,+0.000e+00,+0.000e+00,+0.000e+00,+0.000e+00,+0.000e+00 },
  {-1.250e-01,-1.369e-11,-1.206e-11,-5.797e-12,-8.517e-12,+3.938e-12,-1.250e-01,-1.116e-01,+0.000e+00,+0.000e+00,+0.000e+00,+0.000e+00,+0.000e+00,+0.000e+00,+0.000e+00,+0.000e+00,+6.250e-02,+3.423e-02,-1.656e-02,+7.432e-03,-3.351e-03,+1.893e-03,+6.078e-02,+1.923e-01,+0.000e+00,+0.000e+00,+0.000e+00,+0.000e+00,+0.000e+00,+0.000e+00,+0.000e+00,+0.000e+00 },
  {+0.000e+00,+0.000e+00,+0.000e+00,+0.000e+00,+0.000e+00,+0.000e+00,+0.000e+00,+0.000e+00,+1.116e-01,+2.445e-02,+1.073e-02,-1.609e-02,+2.195e-02,-2.164e-02,-7.033e-03,+4.437e-02,+0.000e+00,+0.000e+00,+0.000e+00,+0.000e+00,+0.000e+00,+0.000e+00,+0.000e+00,+0.000e+00,+8.388e-02,+6.422e-02,-1.893e-03,+3.351e-03,-7.432e-03,+1.656e-02,-3.423e-02,+6.250e-02 },
  {+0.000e+00,+0.000e+00,+0.000e+00,+0.000e+00,+0.000e+00,+0.000e+00,+0.000e+00,+0.000e+00,+1.250e-01,+1.235e-01,+2.909e-02,+9.691e-04,-2.358e-04,-4.028e-05,-2.820e-04,-7.033e-03,+0.000e+00,+0.000e+00,+0.000e+00,+0.000e+00,+0.000e+00,+0.000e+00,+0.000e+00,+0.000e+00,+6.422e-02,+1.386e-01,+6.764e-02,-2.216e-03,+9.880e-04,-4.207e-04,-5.059e-12,+3.423e-02 },
  {+0.000e+00,+0.000e+00,+0.000e+00,+0.000e+00,+0.000e+00,+0.000e+00,+0.000e+00,+0.000e+00,-8.896e-12,+1.250e-01,+1.183e-01,+3.261e-02,-9.219e-04,+7.113e-04,-4.028e-05,-2.164e-02,+0.000e+00,+0.000e+00,+0.000e+00,+0.000e+00,+0.000e+00,+0.000e+00,+0.000e+00,+0.000e+00,-1.893e-03,+6.764e-02,+1.471e-01,+6.351e-02,-3.805e-04,+5.890e-13,+4.207e-04,-1.656e-02 },
  {+0.000e+00,+0.000e+00,+0.000e+00,+0.000e+00,+0.000e+00,+0.000e+00,+0.000e+00,+0.000e+00,-6.242e-12,-1.516e-12,+1.250e-01,+1.201e-01,+3.248e-02,-9.219e-04,-2.358e-04,+2.195e-02,+0.000e+00,+0.000e+00,+0.000e+00,+0.000e+00,+0.000e+00,+0.000e+00,+0.000e+00,+0.000e+00,+3.351e-03,-2.216e-03,+6.351e-02,+1.505e-01,+6.250e-02,+3.805e-04,-9.880e-04,+7.432e-03 },
  {+0.000e+00,+0.000e+00,+0.000e+00,+0.000e+00,+0.000e+00,+0.000e+00,+0.000e+00,+0.000e+00,-3.007e-12,+3.395e-12,-7.940e-13,+1.250e-01,+1.201e-01,+3.261e-02,+9.691e-04,-1.609e-02,+0.000e+00,+0.000e+00,+0.000e+00,+0.000e+00,+0.000e+00,+0.000e+00,+0.000e+00,+0.000e+00,-7.432e-03,+9.880e-04,-3.805e-04,+6.250e-02,+1.531e-01,+6.149e-02,+2.216e-03,-3.351e-03 },
  {+0.000e+00,+0.000e+00,+0.000e+00,+0.000e+00,+0.000e+00,+0.000e+00,+0.000e+00,+0.000e+00,-5.428e-13,+2.912e-12,-3.218e-12,-6.124e-12,+1.250e-01,+1.183e-01,+2.909e-02,+1.073e-02,+0.000e+00,+0.000e+00,+0.000e+00,+0.000e+00,+0.000e+00,+0.000e+00,+0.000e+00,+0.000e+00,+1.656e-02,-4.207e-04,+5.890e-13,+3.805e-04,+6.149e-02,+1.543e-01,+5.736e-02,+1.893e-03 },
  {+0.000e+00,+0.000e+00,+0.000e+00,+0.000e+00,+0.000e+00,+0.000e+00,+0.000e+00,+0.000e+00,+1.216e-12,-6.436e-12,-3.881e-12,+3.040e-13,-2.496e-12,+1.250e-01,+1.235e-01,+2.445e-02,+0.000e+00,+0.000e+00,+0.000e+00,+0.000e+00,+0.000e+00,+0.000e+00,+0.000e+00,+0.000e+00,-3.423e-02,-5.059e-12,+4.207e-04,-9.880e-04,+2.216e-03,+5.736e-02,+1.611e-01,+6.078e-02 },
  {+0.000e+00,+0.000e+00,+0.000e+00,+0.000e+00,+0.000e+00,+0.000e+00,+0.000e+00,+0.000e+00,+1.250e-01,-1.369e-11,-1.206e-11,-5.799e-12,-8.508e-12,+3.933e-12,+1.250e-01,+1.116e-01,+0.000e+00,+0.000e+00,+0.000e+00,+0.000e+00,+0.000e+00,+0.000e+00,+0.000e+00,+0.000e+00,+6.250e-02,+3.423e-02,-1.656e-02,+7.432e-03,-3.351e-03,+1.893e-03,+6.078e-02,+1.923e-01 }   }
}
    main loop time = 0.022936
        total time = 0.023999
  file  check time = 0.000000
  file change time = 0.000002
  file   read time = 0.001061
SDPA end at [Fri May 17 12:38:56 2024]
ALL TIME = 0.027069
